/*работы и материалы от толщины, финишный слой, финишный лак и т.п.*/
           /* [ pivrn, pivrm, pivfs, pivfs, pivfl, pimfl ] */
for (i=0; i<100; i+=1) {
a_cvr_w[i] = [[0, 0, 0, 0], [0, 0, 0, 0], 0, 0, 0, 0]
}

a_cvr_w[37] = [[0, 54.90, 111.02, 197.64], [0, 1.22, 2.44, 3.66], new Function('se', 'return [0, 0];'), 0, 0, 0];
a_cvr_w[39] = [[0, 54.90, 111.02, 197.64], [0, 1.22, 2.44, 3.66], new Function('se', 'return [0, 0];'), 0, 0, 0];

a_cvr_w[43] = [[0, 54.90, 111.02, 197.64], [0, 1.22, 2.44, 3.66], new Function('se', 'return [0, 0];'), 0, 0, 0];

a_cvr_w[51] = [[0, 62.22, 124.44], [0, 1.22, 2.44], 0, 0, 195.2, 2.44];
a_cvr_w[52] = [[0, 62.22, 124.44], [0, 1.22, 2.44], 0, 0, 195.2, 2.44];
a_cvr_w[53] = [[0, 62.22, 124.44], [0, 1.22, 2.44], 0, 0, 195.2, 2.44];
a_cvr_w[54] = [[0, 62.22, 124.44], [0, 1.22, 2.44], 0, 0, 195.2, 2.44];
a_cvr_w[55] = [[0], [0], 0, 0, 195.2, 2.44];

a_cvr_w[73] = [[0, 1.22, 197.64, 198.86, 198.86], [0, 0, 4.88, 4.88, 4.88], 0, 0, 0, 0];
a_cvr_w[74] = [[0,63.44,126.88], [0,2.44,4.88], 0, 0, 0, 0];
a_cvr_w[75] = [[0,63.44], [0,2.44], 0, 0, 0, 0];


a_cvr_w[83] = [[0, 0, 0, 0], [0, 0, 0, 0], 0, 0, 0, 0];
a_cvr_w[89] = [[0, 0, 0, 0], [0, 0, 0, 0], 0, 0, 0, 0];

a_cvr_w[93] = [[0, 54.90, 111.02, 197.64], [0, 1.22, 2.44, 3.66], new Function('se', 'return [0, 0];'), 0, 0, 0];
a_cvr_w[96] = [[0,63.44,126.88,190.32,253.76], [0,2.44,4.88,7.32,9.76], 0, 0, 0, 0];
a_cvr_w[97] = [[0,63.44,126.88,190.32,253.76,317.20,380.64,444.08], [0,2.44,4.88,7.32,9.76,12.20,14.64,17.08], 0, 0, 0, 0];
a_cvr_w[98] = [[0,63.44,126.88,190.32,253.76,317.20], [0,2.44,4.88,7.32,9.76,12.20], 0, 0, 0, 0];
a_cvr_w[99] = [[0,126.40,221.50], [0,2.44,3.66], 0, 0, 0, 0];