var a_cvr_w=[];/*работы и материалы от толщины, финишный слой, финишный лак и т.п.*/
           /* [ pivrn, pivrm, pivfs, pivfs, pivfl, pimfl ] */
for (i=0; i<100; i+=1) {
a_cvr_w[i] = [[0, 0, 0, 0], [0, 0, 0, 0], 0, 0, 0, 0]
}
a_cvr_w[37] = [[0, 48, 97.2, 170.4], [0, 1.2, 2.4, 3.6], new Function('se', 'return [0, 0];'), 0, 96, 2.4];

a_cvr_w[43] = [[0, 48, 97.2, 170.4], [0, 1.2, 2.4, 3.6], new Function('se', 'return [0, 0];'), 0, 0, 0];

a_cvr_w[39] = [[0, 48, 97.2, 170.4], [0, 1.2, 2.4, 3.6], new Function('se', 'return [0, 0];'), 0, 96, 2.4];

a_cvr_w[51] = [[0, 49.2, 98.4, 147.6], [0, 1.2, 2.4, 3.6], 0, 0, 96, 2.4];
a_cvr_w[52] = [[0, 49.2, 98.4, 147.6], [0, 1.2, 2.4, 3.6], 0, 0, 96, 2.4];

a_cvr_w[53] = [[0, 49.2, 98.4, 146.6], [0, 1.2, 2.4, 3.6], 0, 0, 96, 2.4];
a_cvr_w[54] = [[0, 49.2, 98.4, 146.6], [0, 1.2, 2.4, 3.6], 0, 0, 96, 2.4];

a_cvr_w[73] = [[0, 1.2, 170.4, 171.6, 171.6], [0, 0, 4.8, 4.8, 4.8], 0, 0, 0, 0];
a_cvr_w[74] = [[0,1087.2,1137.6,1188,1238.4], [0,130.8,133.2,135.6,138], 0, 0, 0, 0];


a_cvr_w[83] = [[0, 0, 0, 0], [0, 0, 0, 0], 0, 0, 0, 0];
a_cvr_w[89] = [[0, 0, 0, 0], [0, 0, 0, 0], 0, 0, 0, 0];

a_cvr_w[93] = [[0, 48, 97.2, 170.4], [0, 1.2, 2.4, 3.6], new Function('se', 'return [0, 0];'), 0, 0, 0];


a_cvr_w[97] = [[0,1087.2,1137.6,1188,1238.4,1288.8,1363.2,1437.6,1524,1610.4], [0,130.8,133.2,135.6,138,140.4,142.8,145.2,147.6,150], 0, 0, 0, 0];